622,311,37
622,311,37
622,311,37
622,311,37
622,311,37
622,311,37
622,311,37
622,311,37
622,311,37
622,311,37
622,311,37
622,311,37
622,311,37
622,311,37
622,311,37
622,311,37
622,311,37
622,311,37
622,311,37
622,311,37
622,311,37
622,311,37
622,311,37
622,311,37
622,311,37
622,311,37
622,311,37
622,311,37
622,311,37
622,311,37
622,311,37
622,311,37
622,311,37
622,311,37
622,311,37
622,311,37
622,311,37
622,311,37
622,311,37
622,311,37
622,311,37
622,311,37
622,311,37
622,311,37
622,311,37
622,311,37
622,311,37
622,311,37
622,311,37
622,311,37
622,311,37
622,311,37
622,311,37
622,311,37
622,311,37
622,311,37<